#Intel ZR300 realsense RGB camera intrinsic file

image_width: 640
image_height: 480
camera_name: realsense_rgb
camera_matrix:
  rows: 3
  cols: 3
  data: [614.0676879882812, 0.0, 318.10882568359375, 0.0, 614.545166015625, 234.26016235351562, 0.0, 0.0, 1.0]
distortion_model: plumb_bob
distortion_coefficients:
  rows: 1
  cols: 5
  data: [0.07098614424467087, -0.13115191459655762, 0.0008362929802387953, 0.0006120992475189269, 0.0]
rectification_matrix:
  rows: 3
  cols: 3
  data: [1, 0, 0, 0, 1, 0, 0, 0, 1]
projection_matrix:
  rows: 3
  cols: 4
  data: [614.0676879882812, 0.0, 318.10882568359375, 0.0, 0.0, 614.545166015625, 234.26016235351562, 0.0, 0.0, 0.0, 1.0, 0.0]
